19 0.4140625 0.3484375 0.1921875 0.2421875
19 0.165625 0.39765625 0.24375 0.18359375
19 0.36328125 0.675 0.2140625 0.21015625
19 0.5953125 0.3703125 0.14609375 0.2765625
19 0.7796875 0.40234375 0.184375 0.14921875
19 0.140625 0.60234375 0.15 0.11484375
19 0.20234375 0.7921875 0.115625 0.15625
19 0.5453125 0.8546875 0.21015625 0.15390625
19 0.76796875 0.7484375 0.184375 0.28359375
19 0.92109375 0.6234375 0.13828125 0.12734375
19 0.30078125 0.15 0.20234375 0.1390625
19 0.88671875 0.30546875 0.13828125 0.21484375
19 0.409375 0.57578125 0.221875 0.125
19 0.86484375 0.14296875 0.13828125 0.134375