19 0.5703125 0.384375 0.16796875 0.31484375
19 0.3125 0.54296875 0.09765625 0.23671875
19 0.19140625 0.6703125 0.15234375 0.2421875
19 0.1375 0.2828125 0.11875 0.23671875
19 0.8671875 0.29921875 0.18359375 0.30234375
19 0.771875 0.64453125 0.09765625 0.23671875
19 0.4375 0.578125 0.12109375 0.18203125
19 0.4484375 0.75390625 0.146875 0.1796875
19 0.2828125 0.16953125 0.1171875 0.1875
19 0.87890625 0.78125 0.08984375 0.28125
19 0.0875 0.4921875 0.1171875 0.16171875
19 0.1078125 0.9078125 0.109375 0.1796875
19 0.4765625 0.9203125 0.125 0.1328125
19 0.584375 0.92734375 0.0625 0.140625
19 0.66328125 0.7421875 0.103125 0.21328125
19 0.22578125 0.4 0.1 0.16953125